10 0.273305 0.545215 0.114898 0.207070
10 0.564339 0.619289 0.090910 0.166667
10 0.669138 0.658008 0.065657 0.109428
10 0.721536 0.631071 0.089645 0.089226
10 0.785931 0.498919 0.112374 0.188552
10 0.891360 0.240501 0.095960 0.102695
10 0.960804 0.240499 0.078284 0.277778
10 0.965882 0.546055 0.068237 0.144782
10 0.924819 0.434944 0.147728 0.114478
10 0.875577 0.521645 0.082071 0.116161
10 0.617370 0.319626 0.146466 0.129630
10 0.478481 0.378547 0.171719 0.079124
10 0.437445 0.477874 0.097222 0.099325
10 0.537192 0.424843 0.071969 0.084177
10 0.366739 0.292690 0.069444 0.257576
10 0.362950 0.301106 0.226009 0.102695
10 0.478481 0.197571 0.141416 0.245790
10 0.268254 0.687470 0.082068 0.104378
10 0.549819 0.782588 0.210858 0.109428
10 0.849694 0.759020 0.257577 0.143099
