1 0.188077 0.304641 0.073232 0.097642
1 0.251843 0.266761 0.054301 0.085856
1 0.232273 0.169115 0.040414 0.089216
1 0.326966 0.189322 0.070707 0.052189
1 0.371789 0.073168 0.054293 0.062275
1 0.547925 0.244034 0.060608 0.114478
1 0.606006 0.322318 0.075756 0.099325
1 0.578228 0.383760 0.030300 0.100999
1 0.741739 0.377874 0.041667 0.048823
1 0.696915 0.426695 0.030303 0.069024
1 0.597168 0.462049 0.030303 0.045453
1 0.625577 0.407335 0.031565 0.043770
1 0.631890 0.506662 0.031567 0.047140
1 0.656510 0.475518 0.030303 0.038720
1 0.537192 0.346729 0.044191 0.067341
1 0.496788 0.303801 0.039142 0.035354
1 0.273936 0.318783 0.058080 0.040403
1 0.296032 0.362553 0.026513 0.033671
1 0.310552 0.341510 0.025250 0.035354
1 0.331385 0.349927 0.026515 0.025251
1 0.358532 0.343194 0.030303 0.028618
1 0.321915 0.374339 0.027778 0.030304
1 0.345905 0.386124 0.035352 0.033671
1 0.309289 0.410534 0.025250 0.042087
1 0.391992 0.100769 0.034092 0.028621
1 0.364844 0.110871 0.027778 0.035354
1 0.278356 0.168952 0.036617 0.043770
1 0.265098 0.209355 0.035355 0.043770
1 0.260041 0.125184 0.037889 0.050499
