0 0.074712 0.516616 0.132115 0.487378
0 0.281101 0.516616 0.196029 0.512947
0 0.444745 0.130549 0.231433 0.193496
0 0.522466 0.390671 0.062183 0.206260
0 0.759942 0.240071 0.208981 0.306687
0 0.675317 0.736575 0.088077 0.339533
0 0.900707 0.791341 0.093260 0.324919
0 0.897255 0.543089 0.113990 0.142398
0 0.812192 0.470976 0.111404 0.250081
0 0.524625 0.642571 0.142481 0.341362
0 0.493966 0.738404 0.224529 0.478272
0 0.319101 0.867104 0.104490 0.202622
0 0.185678 0.711941 0.141625 0.297541
0 0.141207 0.243730 0.066490 0.087622
