6 0.174188 0.254810 0.176768 0.215486
6 0.538455 0.248077 0.125000 0.161617
6 0.772674 0.230398 0.300506 0.143099
6 0.913456 0.387808 0.109849 0.151515
6 0.888834 0.649592 0.222222 0.250843
6 0.962067 0.879388 0.065657 0.225589
6 0.149567 0.390332 0.092170 0.149831
6 0.073810 0.376863 0.099747 0.106062
6 0.059921 0.216931 0.089648 0.139729
6 0.441233 0.387806 0.044191 0.084177
6 0.390729 0.384441 0.044191 0.074074
6 0.545401 0.393699 0.116163 0.102695
6 0.613583 0.429894 0.045454 0.063975
6 0.639466 0.551106 0.023991 0.107741
6 0.321285 0.572149 0.036617 0.055556
4 0.275198 0.832252 0.196969 0.296296
4 0.496789 0.893699 0.198232 0.207073
