6 0.600212 0.272744 0.051769 0.304837
6 0.794053 0.129451 0.133856 0.211748
6 0.795351 0.320203 0.105356 0.209919
6 0.909774 0.712663 0.132125 0.268333
6 0.635591 0.684370 0.120894 0.153333
6 0.718880 0.802114 0.165029 0.173415
6 0.766423 0.953537 0.044038 0.092927
6 0.943014 0.201626 0.113971 0.403252
6 0.413659 0.194258 0.046625 0.125955
6 0.395913 0.322033 0.052769 0.089431
6 0.427476 0.392307 0.046625 0.062053
6 0.465904 0.352154 0.035404 0.076667
6 0.509947 0.365833 0.030221 0.074837
6 0.677861 0.502744 0.072625 0.213577
6 0.677043 0.259055 0.069087 0.062053
6 0.725404 0.058252 0.076000 0.113171
6 0.363971 0.105823 0.142558 0.156768
