0 0.268821 0.289630 0.256220 0.134683
0 0.539268 0.351918 0.213537 0.063971
0 0.541047 0.429356 0.266890 0.111115
0 0.813283 0.355284 0.291809 0.158240
0 0.795488 0.522793 0.277561 0.193606
0 0.589085 0.782053 0.163699 0.079125
0 0.738547 0.712183 0.192175 0.043769
0 0.752785 0.774476 0.113862 0.053875
0 0.279492 0.638957 0.249106 0.082490
0 0.195854 0.439462 0.217073 0.121212
0 0.361331 0.364543 0.128110 0.038721
0 0.494787 0.239962 0.117419 0.146462
0 0.624492 0.254274 0.256585 0.090913
0 0.416494 0.880538 0.245549 0.080808
