0 0.335833 0.214029 0.297480 0.067192
0 0.354593 0.134154 0.190285 0.026615
0 0.321098 0.165846 0.166138 0.034231
0 0.838313 0.190572 0.321585 0.070990
0 0.937459 0.120846 0.075041 0.065923
0 0.788730 0.129716 0.093801 0.048183
0 0.883872 0.040341 0.225102 0.044375
0 0.822236 0.521462 0.139350 0.055788
0 0.816870 0.583582 0.203659 0.038029
0 0.828801 0.641904 0.163740 0.050712
0 0.500508 0.366788 0.086016 0.050712
1 0.480549 0.470745 0.083089 0.025356
1 0.413547 0.471380 0.050915 0.024087
1 0.414888 0.394683 0.053598 0.027885
