0 0.275329 0.167178 0.086525 0.181293
0 0.383249 0.474615 0.138819 0.111564
0 0.535857 0.368120 0.120756 0.111564
0 0.683713 0.331356 0.148328 0.134385
0 0.802567 0.401716 0.142624 0.117903
0 0.806845 0.322480 0.109345 0.126779
0 0.929808 0.395377 0.140384 0.163545
0 0.289116 0.313604 0.117904 0.134385
0 0.160754 0.286982 0.117902 0.141994
0 0.113688 0.196971 0.097937 0.053247
0 0.231591 0.209015 0.084625 0.072262
0 0.306708 0.410590 0.151183 0.087477
0 0.434594 0.341496 0.127413 0.055784
0 0.357102 0.271769 0.080821 0.144524
0 0.334757 0.151329 0.049444 0.134385
0 0.321921 0.667950 0.092230 0.059583
