0 0.109163 0.322318 0.064392 0.129630
0 0.391359 0.316427 0.116161 0.090909
0 0.490476 0.291172 0.119950 0.090909
0 0.573178 0.242351 0.098485 0.067341
0 0.600956 0.119458 0.045454 0.188552
0 0.639466 0.360197 0.059343 0.141412
0 0.455753 0.442688 0.068182 0.148148
0 0.367370 0.444372 0.093435 0.107745
0 0.594642 0.543699 0.095960 0.131313
0 0.561183 0.658176 0.079544 0.090909
0 0.673557 0.797065 0.066920 0.146465
0 0.236689 0.618614 0.069444 0.079127
0 0.184921 0.522655 0.064395 0.089226
0 0.137572 0.429221 0.128790 0.090909
0 0.148936 0.270129 0.116161 0.099325
0 0.292875 0.632925 0.060605 0.094276
0 0.269518 0.702789 0.054293 0.095962
0 0.322546 0.745719 0.059343 0.080810
0 0.542876 0.740668 0.065657 0.080807
0 0.542243 0.790332 0.054293 0.082490
0 0.600325 0.760870 0.071969 0.144782
0 0.621158 0.663226 0.063130 0.127946
0 0.663456 0.636291 0.064392 0.158251
0 0.682395 0.132082 0.056818 0.146465
0 0.525198 0.170804 0.080809 0.102692
0 0.487951 0.639658 0.064395 0.067338
0 0.464592 0.599254 0.053028 0.063972
0 0.523305 0.570633 0.051768 0.094276
0 0.539719 0.488985 0.061868 0.119530
0 0.554239 0.387975 0.090908 0.143099
0 0.258152 0.875347 0.069444 0.040403
0 0.210805 0.875349 0.042929 0.030301
0 0.474694 0.795382 0.090910 0.052186
0 0.452597 0.706999 0.074494 0.094276
