6 0.157183 0.240620 0.093269 0.224533
6 0.250442 0.406738 0.072538 0.125955
6 0.347163 0.418598 0.115712 0.138740
6 0.353207 0.549106 0.115721 0.136911
6 0.476264 0.566453 0.170125 0.244614
6 0.220221 0.728913 0.131269 0.131443
6 0.124365 0.609350 0.139904 0.166098
6 0.111841 0.468791 0.121760 0.180711
6 0.191288 0.101890 0.182212 0.158821
6 0.439562 0.155732 0.150260 0.211748
6 0.345870 0.202276 0.076856 0.268333
6 0.284558 0.900498 0.088942 0.182541
6 0.555716 0.729827 0.068221 0.129614
6 0.627389 0.800112 0.068221 0.083963
6 0.692587 0.669593 0.105346 0.235488
6 0.637750 0.339197 0.082038 0.166118
6 0.673159 0.083638 0.111394 0.151504
6 0.573851 0.047124 0.057856 0.082134
6 0.579462 0.455102 0.079442 0.284756
6 0.893798 0.135661 0.081173 0.178882
6 0.765558 0.264350 0.095846 0.253740
6 0.798808 0.061443 0.101904 0.122886
4 0.883865 0.625772 0.220212 0.611504
