6 0.106231 0.535610 0.117442 0.290244
6 0.145957 0.247185 0.075990 0.217215
6 0.411500 0.304695 0.099308 0.153333
6 0.519875 0.409644 0.053538 0.122297
6 0.450793 0.491789 0.069087 0.177073
6 0.359687 0.503659 0.094125 0.240935
6 0.401139 0.656077 0.102760 0.217236
6 0.708562 0.498181 0.088952 0.156972
6 0.747851 0.263618 0.077721 0.257398
6 0.666678 0.085722 0.077721 0.171443
6 0.573846 0.436118 0.080308 0.288415
6 0.535418 0.686199 0.062183 0.135081
6 0.474971 0.686199 0.065635 0.219065
6 0.220649 0.128537 0.076856 0.184350
6 0.368750 0.175091 0.110538 0.164289
6 0.660202 0.059167 0.356654 0.115000
6 0.067803 0.787510 0.049221 0.144207
6 0.212019 0.722703 0.125212 0.138740
6 0.116596 0.097581 0.062173 0.195163
